abs_mean :0.541782
abs_rel :0.452397
sq_rel :1.140877
rms :0.928251
log_rms :0.442955
a1 :0.560815
a2 :0.785499
a3 :0.875172
