abs_mean :0.620523
abs_rel :0.517952
sq_rel :1.371820
rms :1.017760
log_rms :0.485235
a1 :0.472323
a2 :0.743052
a3 :0.854801
